!The Beatles - Eleanor Rigby
1 0.625 1
2 0.125 0
3 0.125 0
4 0.375 0
3 0.125 0
2 0.375 0
1 0.25 0
5 0.125 1
4 0.125 0
3 0.75 0
1 0.25 1
2 0.25 0
3 0.25 0
4 0.25 0
5 0.75 1
5 0.25 0
3 0.25 1
1 0.125 0
5 0.375 0
4 0.25 0
3 1 1
!Queen - The Show Must Go On
1 0.75 1
1 0.125 0
3 0.125 0
2 0.125 1
3 0.5 0
3 0.125 0
3 0.125 0
2 0.125 0
2 0.25 1
1 0.125 0
1 0.25 0
1 0.125 0
3 0.125 0
3 0.125 0
2 0.125 1
3 0.5 0
2 0.125 0
3 0.125 0
4 0.125 0
5 0.25 1
6 0.125 0
4 0.625 0
5 0.25 1
6 0.125 0
4 0.5 0
4 0.125 0
5 0.125 1
6 0.125 0
5 0.125 0
6 0.125 0
5 0.125 0
4 0.125 0
3 0.125 0
2 0.125 0
2 0.25 1
1 0.125 0
1 0.625 0
!uhtty lfq - yjkbltq
5 0.25 1
5 0.1875 0
5 0.0625 0
3 0.25 0
3 0.1875 0
3 0.0625 0
7 0.25 1
7 0.1875 0
7 0.0625 0
4 0.1875 0
4 0.0625 0
4 0.1875 0
4 0.0625 0
5 0.25 1
5 0.1875 0
5 0.0625 0
3 0.25 0
3 0.1875 0
3 0.0625 0
7 0.25 1
7 0.25 0
4 0.5 0
1 0.25 1
1 0.1875 0
2 0.0625 0
3 0.25 0
3 0.1875 0
3 0.0625 0
6 0.25 1
4 0.25 0
7 0.25 0
5 0.25 0
1 0.25 1
1 0.1875 0
2 0.0625 0
3 0.25 0
3 0.1875 0
3 0.0625 0
7 0.25 1
5 0.25 0
1 0.5 0